0	2	0	1	0	0	1	0	0	0	1	1	1	1	0	0	0	0	0	0	0	1	2	0	1	0	0	1	0	0	2	2	0	0	0	0	0	0	0	0	1	0	0	0	0	0	0	0	0	0	0	0	0	0	0	0	0	0	0	0	1	0	0	1	0	1	0	0	0	0	0	0	0	0	0	0	2	0	0	0	1	0	0	0	0	0	1	0	1	0	0	1	0	0
1	2	0	0	0	0	1	0	1	1	1	1	1	1	0	0	0	0	0	0	0	1	2	0	0	0	0	0	0	0	0	1	0	0	0	0	0	0	0	0	0	0	1	0	0	0	0	0	1	1	0	0	1	0	0	0	0	1	0	0	0	0	0	0	1	0	1	0	0	0	0	0	0	0	0	0	1	1	0	0	1	0	0	0	0	0	1	0	1	0	0	1	0	0
2	2	0	0	0	0	1	0	1	1	0	0	0	0	0	0	1	0	0	0	0	0	1	0	0	0	0	1	0	0	2	1	0	0	0	0	0	0	0	0	0	0	0	0	0	0	0	0	1	0	0	0	0	1	0	0	0	0	0	0	0	0	0	0	0	0	0	0	0	0	0	0	0	1	0	0	2	0	1	1	1	1	0	0	0	0	1	0	0	0	1	0	0	0
3	2	0	0	0	0	0	1	2	2	0	0	0	0	0	0	0	0	0	2	0	0	2	2	0	2	0	0	1	1	0	0	0	0	0	1	0	0	0	0	0	0	1	0	0	1	0	0	0	0	0	1	0	0	1	1	0	0	1	1	0	0	0	0	1	0	1	0	0	0	0	0	0	0	2	0	0	0	0	0	1	0	0	0	0	0	2	0	1	0	1	1	0	1
4	2	0	0	0	0	0	0	2	2	0	0	0	0	1	1	1	1	0	0	1	0	0	0	0	0	0	0	0	0	0	0	0	1	0	0	0	1	0	0	1	0	0	0	0	0	1	1	0	0	1	1	0	0	2	0	0	1	1	1	0	0	0	0	0	1	1	1	1	0	0	1	0	0	0	0	0	0	0	0	1	1	0	0	0	1	2	0	0	0	0	0	2	0
5	2	0	0	0	1	0	0	1	1	0	0	0	0	1	1	0	1	0	0	1	0	1	0	0	0	0	0	0	0	0	0	0	0	0	0	0	0	0	0	0	0	0	2	2	0	0	0	0	0	0	2	0	0	2	0	2	0	0	1	1	0	1	0	0	1	0	0	0	0	1	0	0	0	0	0	0	1	0	0	1	1	0	0	1	0	2	1	0	0	0	0	0	0
6	2	0	0	0	1	0	0	0	0	0	0	0	0	2	2	0	2	0	0	2	0	0	0	0	0	0	0	0	0	0	0	0	0	0	0	0	0	0	0	0	0	0	0	2	0	0	0	0	0	0	1	0	0	1	0	1	0	0	2	0	0	0	0	0	1	0	0	0	1	1	0	0	0	0	0	0	1	0	0	1	0	0	0	0	0	2	0	0	1	0	0	0	0
7	2	0	0	0	2	0	0	0	0	0	0	0	0	2	2	0	2	0	0	2	0	0	0	0	0	1	0	0	0	0	0	0	0	0	0	0	0	0	0	0	0	0	1	2	0	0	0	0	1	0	1	0	0	1	0	1	0	0	1	0	0	0	0	0	1	0	0	0	0	0	0	0	0	0	0	0	1	0	0	1	1	0	0	0	1	2	0	0	1	1	0	0	1
8	2	0	0	0	1	0	0	0	0	0	0	0	0	2	2	0	2	0	0	2	0	0	0	0	0	1	0	0	0	0	0	0	0	0	0	0	0	0	0	0	0	0	0	2	0	0	0	0	0	0	2	0	0	2	0	2	0	0	1	0	0	0	0	0	1	0	0	0	0	0	0	0	0	0	0	0	2	0	0	1	0	1	0	0	0	1	0	0	1	0	0	0	0
9	2	0	0	0	0	0	0	0	0	0	0	0	0	1	1	0	1	1	0	1	0	1	0	1	0	0	0	0	0	0	0	1	1	1	0	1	0	1	0	0	1	0	0	1	0	0	0	0	0	1	1	0	0	2	0	0	0	0	1	1	0	1	0	0	0	0	0	0	0	1	0	0	0	0	0	0	1	0	0	1	0	0	0	0	0	1	0	0	0	0	0	0	0
10	2	0	0	0	1	0	0	0	0	0	0	0	0	1	1	0	1	0	0	1	0	1	0	1	0	1	0	0	0	0	0	0	0	0	0	0	0	0	0	0	0	0	2	2	0	0	0	0	1	0	0	1	0	0	0	0	0	0	0	0	0	0	0	0	1	0	0	0	1	1	0	0	0	0	0	0	2	0	0	1	0	0	0	0	0	2	0	0	2	1	0	0	1
11	2	0	0	0	2	0	0	0	0	0	0	0	0	0	0	0	0	1	0	0	0	2	0	1	0	0	0	0	0	0	0	0	0	0	0	0	0	0	0	0	0	1	0	0	0	0	0	0	0	0	1	1	0	1	0	0	0	0	2	0	0	0	0	0	0	1	0	0	0	0	0	0	0	0	0	0	1	0	0	1	0	0	0	0	0	0	0	0	0	1	0	0	1
12	1	0	0	0	0	1	0	1	1	0	0	1	0	0	0	1	0	0	0	0	1	2	0	1	0	0	0	0	0	1	1	0	0	0	0	0	1	0	0	1	0	1	0	0	0	1	0	1	0	0	0	0	1	0	0	0	0	1	1	1	0	0	0	1	0	1	0	0	0	0	0	0	0	0	0	1	1	0	0	1	0	0	0	0	0	1	0	1	1	1	1	0	1
13	1	0	0	0	0	0	0	1	1	0	0	0	0	0	0	1	0	0	0	0	0	0	0	0	0	1	0	0	0	1	0	0	0	0	0	0	0	0	0	0	0	1	0	0	0	1	0	0	0	0	1	0	1	1	0	0	1	1	1	0	0	0	0	0	1	1	1	1	0	0	1	0	0	0	0	0	1	1	1	1	1	0	1	0	0	2	0	0	1	1	0	0	1
14	2	0	0	0	1	0	0	0	0	0	0	0	0	2	2	0	2	0	0	2	0	0	0	0	0	2	0	0	0	0	0	0	0	0	0	0	0	0	0	0	0	0	1	1	0	0	0	0	1	0	1	0	0	1	0	1	0	0	0	2	0	1	1	0	1	0	0	0	0	2	0	0	0	0	0	0	2	0	0	1	2	0	1	1	0	2	1	0	0	1	0	0	1
15	2	1	0	1	0	0	0	0	0	0	0	0	0	0	0	1	0	0	0	0	1	2	0	1	0	1	0	1	1	0	0	0	0	0	1	0	0	0	0	0	0	1	0	0	1	0	1	0	0	1	1	0	0	2	0	0	0	0	0	1	0	0	1	0	1	0	0	0	0	1	0	1	0	0	0	1	1	0	0	1	1	0	0	0	1	2	0	0	0	0	2	0	0
16	2	0	0	0	0	0	0	2	2	1	1	1	1	0	0	0	0	0	1	0	0	2	2	0	1	0	0	0	0	0	0	0	0	0	0	0	1	0	0	0	0	0	0	0	0	1	0	0	0	0	2	0	0	2	1	0	1	1	1	0	0	0	0	0	0	1	0	0	0	0	0	0	1	0	1	0	0	1	1	1	1	0	0	1	0	2	1	0	0	0	0	0	0
17	2	0	0	0	0	0	0	2	2	2	2	2	2	0	0	0	0	0	1	0	0	2	1	0	1	0	0	0	0	0	0	0	0	0	0	0	0	0	0	0	0	2	0	0	0	0	0	0	1	0	0	0	0	0	0	0	0	0	1	1	0	0	1	0	1	0	0	0	0	1	0	0	0	0	0	1	1	0	0	1	0	0	0	0	0	2	0	0	0	0	0	0	0
18	2	0	0	0	0	0	0	2	2	0	0	0	0	0	0	1	0	0	0	0	1	1	0	1	0	0	0	0	0	0	0	1	1	1	0	1	0	1	1	0	1	1	0	1	0	0	0	0	0	0	0	1	0	0	0	0	1	0	1	1	1	0	0	0	1	1	0	0	1	1	0	0	0	1	0	0	0	0	0	1	1	0	0	0	0	1	0	0	0	1	0	0	1
19	2	0	0	0	0	0	0	1	1	0	0	0	0	0	0	1	0	0	0	0	0	1	0	0	0	1	0	0	0	0	0	0	0	0	0	0	0	0	0	0	0	2	0	0	0	0	0	0	1	0	1	0	0	1	0	0	0	0	0	0	0	0	0	0	2	0	0	0	1	1	0	0	0	0	0	1	1	0	0	1	1	0	0	0	1	1	0	0	0	1	0	1	1
20	2	0	0	0	0	0	1	2	2	0	0	0	0	0	0	2	0	0	0	0	0	0	0	0	0	0	0	0	0	0	0	1	1	1	0	0	0	1	1	0	1	1	0	1	0	0	1	0	0	1	0	1	0	1	0	0	0	1	0	0	0	0	0	0	1	1	1	1	0	0	1	0	1	0	1	0	0	1	0	1	0	0	0	0	0	2	0	1	0	1	0	0	1
21	1	0	0	0	0	0	0	1	1	0	0	0	0	0	0	0	0	0	0	0	1	2	0	0	0	0	1	0	0	0	0	1	1	1	0	1	0	1	1	0	1	1	0	1	0	0	0	0	0	0	2	0	0	2	0	0	0	0	1	1	0	0	1	1	1	1	0	0	0	0	0	0	0	0	0	0	1	0	0	1	1	0	0	0	1	2	0	0	0	0	0	0	0
22	2	0	1	0	0	1	0	1	1	0	0	0	0	0	0	0	0	0	0	0	0	1	0	0	0	2	0	0	0	1	0	0	0	0	0	0	0	0	0	0	0	1	0	0	0	0	0	0	0	0	0	0	0	0	0	0	0	1	0	0	0	0	0	1	1	1	1	1	0	0	1	0	0	0	0	1	1	0	0	1	0	0	0	0	0	1	0	1	0	0	0	0	0
23	2	0	0	0	0	0	0	1	1	0	0	0	0	0	0	0	0	1	0	0	0	2	0	1	0	0	0	0	0	1	1	0	0	0	0	0	0	0	0	0	0	1	0	0	0	0	1	0	0	1	0	0	0	1	0	0	0	0	0	0	0	0	0	1	0	2	0	0	0	0	0	0	0	1	0	1	0	0	0	1	1	0	0	0	0	1	0	0	1	0	1	1	0
24	2	0	0	0	0	0	1	2	2	0	0	0	0	0	0	1	0	0	0	0	1	1	0	1	0	0	1	0	0	0	0	0	0	0	0	0	0	0	0	0	0	1	0	0	0	0	1	0	1	1	0	0	0	1	0	0	0	1	0	0	0	0	0	0	0	0	0	0	0	0	0	0	0	0	0	0	2	0	0	1	1	0	1	0	0	2	0	0	1	0	0	0	0
25	1	1	0	1	0	0	0	0	0	0	0	0	0	0	0	0	0	0	0	0	1	2	0	0	0	0	0	0	0	1	0	0	0	0	0	0	1	0	0	0	0	0	0	0	0	1	0	1	0	0	1	0	1	1	0	0	0	1	0	1	0	0	1	0	2	0	1	1	0	0	1	0	1	0	1	2	0	1	0	1	0	0	0	0	0	2	0	1	0	0	2	0	0
26	2	1	1	1	0	1	0	0	0	1	1	1	1	0	0	1	0	0	0	0	1	1	0	1	0	1	0	0	0	2	2	0	0	0	0	0	0	0	0	0	0	0	0	0	0	0	0	0	0	0	1	0	0	1	0	0	0	0	0	1	1	0	1	0	1	0	0	1	1	0	0	0	0	0	0	1	0	0	0	1	1	0	0	0	0	1	0	1	0	0	0	0	0
27	2	0	1	0	0	1	0	0	0	1	1	1	1	0	0	0	0	0	0	0	2	2	0	1	0	0	0	0	0	1	0	0	0	0	0	0	0	0	0	0	0	1	0	0	0	0	0	1	0	0	0	0	1	0	0	0	0	0	0	0	0	0	0	1	0	2	0	0	0	0	0	0	0	1	0	1	0	0	0	1	0	0	0	0	0	2	0	2	0	0	1	0	0
28	2	0	0	0	0	0	0	1	1	2	2	2	2	0	0	0	0	0	0	0	2	2	0	1	0	0	0	0	0	1	0	0	0	0	0	0	0	0	0	0	0	0	0	0	0	0	0	1	0	0	0	0	1	0	0	0	1	0	0	1	0	0	1	0	1	1	0	0	0	0	0	0	0	0	0	0	2	0	0	1	0	0	0	0	0	2	0	1	0	1	0	0	1
29	2	0	0	0	0	0	0	1	1	0	0	0	0	0	0	0	0	0	1	0	0	2	1	1	1	1	0	1	1	0	0	0	0	0	1	0	0	0	0	0	0	1	0	0	1	0	0	0	0	0	0	0	0	0	0	0	0	1	1	1	0	0	0	0	0	0	0	0	1	1	0	1	1	0	1	0	1	1	0	1	0	0	0	0	0	1	0	0	1	0	0	0	0
30	2	0	0	0	1	0	0	0	0	0	0	0	0	2	2	0	2	0	0	2	0	0	0	0	0	0	0	0	0	0	0	0	0	0	0	0	0	0	0	0	0	0	1	1	0	0	0	0	0	0	2	0	0	2	0	2	0	0	0	1	0	1	0	0	0	0	0	0	0	1	0	0	0	0	0	0	2	0	0	1	0	2	0	0	0	0	0	0	0	1	0	0	1
31	2	0	0	0	1	0	0	0	0	0	0	0	0	1	1	0	1	0	0	1	1	1	0	1	0	1	0	0	0	0	0	1	1	1	0	1	0	0	0	0	0	0	0	2	0	0	0	0	0	0	2	0	0	2	1	0	0	0	1	1	0	1	0	0	1	0	0	0	0	1	0	0	0	0	0	0	2	0	0	1	0	0	0	0	0	1	0	0	1	0	0	1	0
32	2	1	0	1	0	0	0	1	1	0	0	1	0	0	0	0	0	0	0	0	1	2	0	0	0	0	0	1	0	1	0	0	0	0	1	0	0	0	0	0	0	0	0	0	1	0	0	0	0	0	0	0	0	0	0	0	0	0	0	0	0	0	0	1	0	1	0	0	0	0	0	0	1	0	1	0	1	1	1	1	0	0	0	0	0	2	0	0	0	0	0	0	0
33	2	0	0	0	0	0	0	2	2	0	0	0	0	0	0	0	0	1	0	0	1	2	0	0	0	1	0	1	0	0	0	0	0	0	1	0	0	0	0	0	0	1	0	0	1	0	0	0	0	0	1	0	0	1	1	0	0	0	1	1	1	0	1	0	1	0	0	1	2	1	0	0	0	0	0	0	1	0	0	1	2	0	0	1	1	2	1	0	0	0	0	0	0
34	1	0	0	0	0	0	0	0	0	0	0	0	0	0	0	1	0	0	0	0	1	1	0	1	0	1	0	0	0	0	0	1	2	1	0	1	1	1	1	1	1	0	0	1	0	0	0	0	0	0	2	0	0	2	0	0	0	0	0	2	0	0	2	0	2	0	0	0	0	1	0	0	0	1	0	0	1	0	0	1	1	0	0	0	1	1	0	0	0	0	0	1	0
35	2	0	0	0	0	0	1	2	2	0	0	0	0	0	0	1	0	0	0	0	0	1	0	1	0	2	0	1	1	0	0	0	0	0	1	0	0	0	0	0	0	1	0	0	1	0	1	0	1	1	0	0	0	1	0	0	0	0	0	1	0	0	0	1	1	1	0	0	1	0	0	1	0	0	0	1	1	0	0	1	0	1	0	0	0	1	0	0	1	0	1	0	0
36	2	0	0	0	0	0	0	2	2	0	0	0	0	0	0	0	0	0	1	0	0	1	1	0	1	0	0	1	1	0	0	0	0	0	2	0	0	0	0	0	0	0	0	0	2	0	0	0	1	0	0	0	0	1	1	0	0	0	0	1	1	0	1	0	1	0	0	1	1	0	0	1	1	0	1	0	1	1	0	1	2	0	1	0	1	2	0	0	0	0	1	0	0
37	2	0	0	0	0	1	0	1	1	0	0	0	0	0	0	0	0	0	0	0	0	0	0	0	0	0	0	0	0	1	0	0	0	0	0	0	0	0	0	0	0	0	0	0	0	1	0	0	0	0	1	0	0	1	0	0	0	1	0	1	1	0	0	0	1	0	0	0	1	0	0	0	0	1	0	0	0	0	0	1	0	0	0	0	0	1	0	0	0	1	0	0	1
